Time
0.0245984182776801
0.028990992970123003
0.03338356766256591
0.0340593483844802
0.034735129106394404
0.035410909828308704
0.036086690550223004
0.036762471272137304
0.037438251994051604
0.038114032715965904
0.038789813437880204
0.039465594159794504
0.040141374881708804
0.040817155603623
0.04149293632553731
0.04216871704745161
0.0431148100581316
0.0440609030688116
0.0450069960794916
0.04595308909017161
0.046899182100851707
0.04784527511153171
0.0487913681222117
0.0497374611328917
0.05068355414357171
0.0516296471542517
0.0525757401649317
0.0535218331756117
0.054467926186291704
0.0555860361080044
0.056704146029717205
0.0578222559514299
0.05894036587314261
0.060058475794855404
0.0611765857165681
0.062294695638280904
0.0634128055599936
0.06453091548170631
0.0656490254034191
0.06676713532513182
0.0678852452468445
0.0690033551685573
0.07012146509027001
0.0712395750119827
0.07235768493369552
0.0734757948554082
0.0745939047771209
0.07571201469883371
