Time
0.021084358523725803
0.022841388400703
0.0245984182776801
0.0263554481546573
0.028112478031634504
0.029869507908611603
0.031626537785588806
0.03260266549502051
0.0335787932044523
0.034554920913884
0.035531048623315804
0.036507176332747505
0.037483304042179304
0.038459431751611
0.0394355594610428
0.040411687170474504
0.0414659050966608
0.0425201230228471
0.043574340949033404
0.0446285588752197
0.045682776801406005
0.0467369947275923
0.0477912126537786
0.048845430579964905
0.04989964850615121
0.0509538664323375
0.05200808435852381
0.053062302284710004
0.0541165202108963
0.055170738137082606
0.056224956063268904
0.0572791739894552
0.058333391915641505
0.0593876098418278
0.0604418277680141
0.061496045694200405
0.06266739894551851
0.0638387521968366
0.0650101054481547
0.06618145869947281
0.0673528119507909
0.068524165202109
0.06969551845342711
0.07086687170474511
0.0720382249560632
0.0732095782073813
0.07438093145869941
0.0755522847100175
