Time
0.029869507908611502
0.0263554481546573
0.022841388400703003
0.0193273286467487
0.0035140597539543004
0.0193273286467487
0.021084358523725803
0.022841388400703003
0.0245984182776801
0.0263554481546573
0.028112478031634403
0.029869507908611603
0.0316265377855887
0.03338356766256591
0.035140597539543
0.0368976274165201
0.038654657293497305
0.038152648757218105
0.037650640220938905
0.0371486316846598
0.0366466231483806
0.03614461461210151
0.0356426060758223
0.0351405975395431
0.038303251318102007
0.0414659050966608
0.0446285588752197
0.0477912126537785
0.0509538664323374
0.05189995944301741
0.052846052453697404
0.053792145464377404
0.0547382384750574
0.055684331485737405
0.056630424496417406
0.0575765175070974
0.05852261051777741
0.0594687035284574
0.06041479653913741
0.06136088954981741
0.0623069825604974
0.06325307557117751
0.064131590509666
0.06501010544815461
0.0658886203866432
0.06676713532513182
0.0676456502636204
0.068524165202109
