Time
0.028112478031634504
0.023719903339191602
0.0193273286467487
0.014934753954305801
0.010542179261863
0.010542179261863
0.022841388400703003
0.0263554481546573
0.029869507908611502
0.030622520713030305
0.0313755335174491
0.0321285463218679
0.0328815591262867
0.0336345719307055
0.03438758473512431
0.0351405975395431
0.0360542530755712
0.036967908611599404
0.03788156414762751
0.0387952196836556
0.039708875219683706
0.0406225307557118
0.0415361862917399
0.042449841827768106
0.0433634973637962
0.0442771528998243
0.0451908084358524
0.046104463971880505
0.0470181195079086
0.0479317750439368
0.048845430579964905
0.04975908611599301
0.050672741652021104
0.05158639718804921
0.052500052724077304
0.05341370826010551
0.0543273637961336
0.0552410193321617
0.0561546748681898
0.0570683304042179
0.057981985940246006
0.059739015817223205
0.06149604569420031
0.06325307557117751
0.06501010544815461
0.06676713532513182
0.0685241652021089
0.0702811950790861
