Time
0.028112478031634504
0.0251840949033392
0.022255711775044002
0.0193273286467487
0.0052710896309314005
0.0175702987697714
0.021084358523725803
0.0245984182776801
0.028112478031634504
0.029869507908611603
0.0316265377855887
0.03338356766256591
0.0341644698301113
0.0349453719976567
0.035726274165202104
0.036507176332747505
0.03728807850029291
0.0380689806678383
0.0388498828353837
0.0396307850029291
0.040411687170474504
0.0414659050966608
0.0425201230228471
0.043574340949033404
0.0446285588752197
0.045682776801406
0.0467369947275922
0.0477912126537785
0.04884543057996481
0.049899648506151105
0.0509538664323374
0.051912246365234005
0.05287062629813061
0.0538290062310273
0.0547873861639239
0.0557457660968206
0.056704146029717205
0.05766252596261381
0.0586209058955105
0.0595792858284071
0.060537665761303705
0.061496045694200405
0.06266739894551851
0.0638387521968365
0.06501010544815461
0.0661814586994727
0.0673528119507908
0.0685241652021089
