Time
0.0351405975395431
0.034042453866432405
0.0329443101933216
0.0318461665202109
0.030748022847100202
0.029649879173989403
0.0285517355008787
0.027453591827767902
0.0263554481546572
0.022841388400703
0.0193273286467487
0.0035140597539543004
0.0140562390158173
0.0165662816972132
0.0190763243786091
0.0215863670600051
0.024096409741401002
0.0266064524227969
0.029116495104192903
0.031626537785588806
0.032744647707301504
0.0338627576290143
0.034980867550727004
0.0360989774724397
0.037217087394152505
0.0383351973158652
0.0394533072375779
0.040571417159290704
0.0416895270810034
0.0428076370027161
0.0439257469244289
0.04504385684614161
0.0461619667678543
0.0472800766895671
0.0483981866112798
0.0495162965329926
0.05063440645470531
0.051752516376418
0.05287062629813081
0.0539887362198435
0.05510684614155621
0.05622495606326901
0.057396309314587
0.05856766256590511
0.059739015817223205
0.060910369068541304
0.0620817223198594
0.06325307557117751
