Time
0.03338356766256591
0.03338356766256591
0.03338356766256591
0.0310408611599297
0.0286981546572935
0.0263554481546573
0.0240127416520211
0.0216700351493848
0.0193273286467486
0.0169846221441124
0.014641915641476202
0.01229920913884
0.01229920913884
0.016691783831282902
0.021084358523725803
0.022060486233157504
0.023036613942589303
0.024012741652021004
0.024988869361452802
0.025964997070884503
0.0269411247803163
0.027917252489748003
0.0288933801991798
0.029869507908611502
0.031138473930872802
0.0324074399531341
0.0336764059753954
0.0349453719976567
0.0362143380199179
0.03748330404217921
0.0387522700644405
0.04002123608670181
0.0412902021089631
0.0425591681312244
0.043828134153485604
0.045097100175746904
0.046366066198008205
0.047635032220269505
0.048903998242530805
0.050172964264792105
0.051441930287053406
0.0527108963093146
0.0539798623315759
0.05524882835383721
0.05651779437609851
0.0577867603983598
0.059055726420621
0.0603246924428823
