Time
0.031626537785588806
0.029116495104192903
0.0266064524227969
0.024096409741401002
0.0215863670600051
0.0190763243786091
0.0165662816972132
0.0140562390158173
0.0140562390158173
0.0245984182776801
0.025886906854130004
0.02717539543058
0.028463884007029906
0.029752372583479802
0.0310408611599297
0.0323293497363796
0.0336178383128295
0.034906326889279506
0.036194815465729405
0.037483304042179304
0.0387717926186292
0.0400602811950791
0.041348769771529
0.042637258347979004
0.0439257469244289
0.044842458164590905
0.0457591694047529
0.046675880644914805
0.0475925918850768
0.04850930312523881
0.049426014365400804
0.0503427256055628
0.0512594368457248
0.05217614808588681
0.053092859326048805
0.05400957056621081
0.0549262818063728
0.055842993046534804
0.0567597042866968
0.0576764155268588
0.05859312676702081
0.0595098380071827
0.06042654924734471
0.0613432604875067
0.06225997172766871
0.0631766829678307
0.0640933942079927
0.0650101054481547
