Time
0.0351405975395431
0.0331325633944264
0.031124529249309602
0.029116495104192803
0.027108460959076104
0.025100426813959305
0.023092392668842502
0.021084358523725803
0.0052710896309314005
0.0193273286467487
0.022841388400703003
0.0263554481546573
0.029869507908611603
0.03338356766256591
0.0343875847351242
0.0353916018076826
0.036395618880241
0.0373996359527994
0.038403653025357705
0.039407670097916105
0.040411687170474504
0.041415704243032904
0.0424197213155912
0.0434237383881496
0.044427755460708
0.0454317725332663
0.0464357896058247
0.04743980667838311
0.04844382375094151
0.0494478408234998
0.0504518578960582
0.0514558749686166
0.052459892041175
0.0534639091137333
0.054467926186291704
0.0552788630525889
0.056089799918886005
0.056900736785183204
0.0577116736514803
0.058522610517777504
0.059333547384074606
0.0601444842503718
0.060955421116668906
0.061766357982966105
0.06257729484926321
0.0633882317155604
0.0641991685818576
0.0650101054481547
