Time
0.05622495606326901
0.055236626757469307
0.0542482974516697
0.05325996814587001
0.0522716388400704
0.0512833095342707
0.050294980228471106
0.049306650922671405
0.048318321616871704
0.04732999231107211
0.046341663005272406
0.0453533336994728
0.0443650043936731
0.043376675087873504
0.0423883457820738
0.041400016476274205
0.040411687170474504
0.0394355594610428
0.038459431751611
0.037483304042179304
0.036507176332747505
0.035531048623315804
0.034554920913884
0.0335787932044523
0.03260266549502051
0.031626537785588806
0.0320657952548331
0.0325050527240774
0.0329443101933217
0.033383567662566005
0.0338228251318102
0.034262082601054504
0.034701340070298806
0.0351405975395431
0.022841388400703003
0.0052710896309314005
0.0193273286467487
0.021670035149384904
0.024012741652021004
0.0263554481546572
0.0276104694953552
0.028865490836053203
0.030120512176751203
0.0313755335174492
0.0326305548581471
0.0338855761988451
0.0351405975395431
0.03639561888024111
