Time
0.054467926186291704
0.053349816264579006
0.0522317063428662
0.051113596421153505
0.04999548649944081
0.048877376577728004
0.047759266656015306
0.0466411567343026
0.0455230468125898
0.04440493689087711
0.0432868269691644
0.04216871704745161
0.0415830404217926
0.0409973637961335
0.040411687170474504
0.0398260105448154
0.0392403339191564
0.038654657293497305
0.0380689806678383
0.037483304042179304
0.0368976274165202
0.0352757536839259
0.0336538799513316
0.0320320062187373
0.030410132486143004
0.0287882587535487
0.027166385020954403
0.0255445112883601
0.0239226375557658
0.0223007638231716
0.0206788900905773
0.019057016357983
0.017435142625388703
0.015813268892794403
0.0035140597539543004
0.0175702987697714
0.019034490333919102
0.020498681898066702
0.021962873462214403
0.023427065026362
0.024891256590509604
0.0263554481546573
0.0278196397188049
0.029283831282952606
0.030748022847100202
0.0322122144112478
0.0336764059753955
0.0351405975395431
