Time
0.05524882835383711
0.054467926186291704
0.053687024018746296
0.0529061218512009
0.0521252196836555
0.051344317516110106
0.0505634153485647
0.049782513181019304
0.049001611013473806
0.048220708845928405
0.047439806678383004
0.0459756151142354
0.0445114235500878
0.0430472319859402
0.041583040421792505
0.0401188488576449
0.038654657293497305
0.0379016444890785
0.037148631684659705
0.036395618880241
0.0356426060758222
0.0348895932714034
0.0341365804669846
0.03338356766256591
0.0322122144112478
0.0310408611599296
0.029869507908611502
0.027108460959076004
0.0243474140095405
0.021586367060005003
0.0188253201104695
0.016064273160934
0.0133032262113985
0.010542179261863
0.010542179261863
0.013704833040421801
0.0168674868189807
0.0200301405975395
0.0231927943760983
0.0263554481546572
0.027453591827767902
0.0285517355008787
0.029649879173989403
0.030748022847100202
0.0318461665202109
0.0329443101933216
0.034042453866432405
0.0351405975395431
