Time
0.054467926186291704
0.0529061218512009
0.051344317516110106
0.049782513181019304
0.04822070884592851
0.0466589045108377
0.045097100175746904
0.0435352958406561
0.0419734915055653
0.040411687170474504
0.039613037226394004
0.0388143872823135
0.038015737338233005
0.0372170873941524
0.03641843745007191
0.0356197875059914
0.0348211375619109
0.0340224876178304
0.0332238376737498
0.032425187729669305
0.031626537785588806
0.0295766695957821
0.027526801405975403
0.0254769332161687
0.0234270650263621
0.021377196836555402
0.0193273286467487
0.0017570298769772
0.015813268892794403
0.0185743158423299
0.0213353627918654
0.024096409741401002
0.026857456690936504
0.029618503640472103
0.032379550590007605
0.0351405975395431
0.035460057517175306
0.0357795174948075
0.0360989774724397
0.03641843745007191
0.0367378974277041
0.037057357405336305
0.037376817382968504
0.0376962773606007
0.0380157373382329
0.038335197315865106
0.038654657293497305
0.0389741172711295
