Time
0.0486965925482068
0.047728527756585905
0.0467604629649649
0.0457923981733439
0.044824333381722904
0.0438562685901019
0.042888203798481
0.04192013900686
0.040952074215239005
0.039984009423618
0.039015944631997
0.0369624738618919
0.0349090030917868
0.0336622529813659
0.0324155028709449
0.031168752760523905
0.029922002650103002
0.029824218327717
0.029726434005331103
0.029628649682945103
0.026651006783222304
0.023673363883499603
0.020695720983776804
0.017718078084054
0.014740435184331203
0.011762792284608501
0.0087851493848857
0.010542179261863
0.020241354733893203
0.0225881784711562
0.0228815314383141
0.0246416492412613
0.027281825945682202
0.027281825945682202
0.029628649682945103
0.0302153556172609
0.030802061551576602
0.0316821204530502
0.0316821204530502
0.0334422382559975
0.0333835676625673
0.0351405975395445
0.036897627416521805
0.0386546572934991
0.0404116871704763
0.042168717047453605
0.043925746924430804
0.0456827768014081
