Time
0.0368976274165202
0.0351405975395431
0.03338356766256591
0.031626537785588806
0.029869507908611603
0.028112478031634504
0.026706854130052703
0.025301230228471
0.0238956063268893
0.022489982425307604
0.0210843585237259
0.0196787346221442
0.018273110720562404
0.0168674868189807
0.015461862917399002
0.0140562390158173
0.01229920913884
0.0143490773286467
0.0163989455184534
0.0184488137082601
0.0204986818980668
0.0225485500878734
0.0245984182776801
0.026004042179261905
0.027409666080843602
0.0288152899824253
0.0302209138840071
0.031626537785588806
0.032881559126286805
0.0341365804669847
0.03539160180768271
0.0366466231483806
0.0379016444890786
0.0391566658297766
0.040411687170474504
0.0409973637961336
0.0415830404217926
0.042168717047451704
0.0427543936731107
0.0433400702987697
0.043925746924428806
0.0445114235500878
0.045097100175746904
0.04568277680140591
0.046268453427064996
0.046854130052724
0.047439806678383004
0.048025483304042105
