Time
0.0368976274165202
0.0360191124780316
0.0351405975395431
0.034262082601054504
0.03338356766256591
0.0325050527240774
0.031626537785588806
0.0294302504393674
0.0272339630931459
0.025037675746924504
0.022841388400703003
0.020645101054481602
0.018448813708260202
0.0162525263620387
0.0140562390158173
0.0017570298769772
0.0140562390158173
0.0163989455184535
0.018741652021089704
0.0210843585237259
0.0234270650263621
0.025769771528998304
0.028112478031634504
0.0304551845342707
0.032797891036906904
0.0351405975395431
0.03581637826145741
0.0364921589833717
0.037167939705286
0.0378437204272003
0.03851950114911461
0.0391952818710289
0.0398710625929431
0.0405468433148574
0.0412226240367717
0.041898404758686
0.0425741854806003
0.0432499662025146
0.0439257469244289
0.0448042618629174
0.045682776801406005
0.04656129173989461
0.04743980667838311
0.048318321616871704
0.0491968365553602
0.050075351493848806
0.0509538664323374
0.05183238137082591
