Time
0.029869507908611502
0.0285517355008787
0.027233963093145803
0.025916190685413003
0.0245984182776801
0.0222557117750439
0.0199130052724077
0.0175702987697714
0.010542179261863
0.01229920913884
0.0175702987697714
0.0202058435852372
0.022841388400703
0.0254769332161687
0.028112478031634504
0.0293423989455185
0.0305723198594025
0.0318022407732865
0.033032161687170505
0.034262082601054504
0.0354920035149385
0.03672192442882251
0.0379518453427065
0.039181766256590506
0.040411687170474504
0.041164699974893304
0.041917712779312104
0.042670725583730904
0.0434237383881497
0.0441767511925685
0.044929763996987206
0.045682776801406005
0.0464357896058248
0.047188802410243605
0.047941815214662405
0.04869482801908111
0.04944784082349991
0.05020085362791871
0.0509538664323375
0.051706879236756306
0.052459892041175
0.0532129048455938
0.05396591765001261
0.0547189304544314
0.05547194325885021
0.05622495606326901
0.0588605008787347
0.061496045694200405
