Time
0.031626537785588806
0.029618503640472006
0.0276104694953553
0.0256024353502385
0.023594401205121702
0.021586367060005003
0.019578332914888204
0.0175702987697714
0.0035140597539543004
0.0193273286467487
0.021084358523725803
0.022841388400703003
0.0245984182776801
0.0263554481546573
0.028112478031634403
0.029869507908611502
0.030845635618043304
0.031821763327475
0.0327978910369068
0.0337740187463385
0.034750146455770306
0.03572627416520201
0.036702401874633805
0.0376785295840655
0.038654657293497305
0.0395750062766758
0.0404953552598543
0.0414157042430328
0.0423360532262113
0.0432564022093898
0.044176751192568406
0.045097100175746904
0.0460174491589254
0.0469377981421039
0.0478581471252824
0.048778496108460905
0.0496988450916394
0.05061919407481791
0.051539543057996504
0.052459892041175
0.0533802410243535
0.054300590007532
0.0552209389907105
0.05614128797388901
0.05706163695706751
0.057981985940246006
0.058902334923424504
0.0598226839066031
