Time
0.040411687170474504
0.039533172231986005
0.0386546572934974
0.0377761423550088
0.0368976274165203
0.0360191124780317
0.0351405975395431
0.032881559126286805
0.030622520713030406
0.0283634822997741
0.026104443886517704
0.023845405473261402
0.0215863670600051
0.0193273286467487
0.0052710896309314005
0.0193273286467487
0.0215236159929701
0.023719903339191602
0.025916190685413003
0.028112478031634504
0.029283831282952606
0.0304551845342707
0.031626537785588806
0.032797891036906904
0.033969244288225
0.0351405975395431
0.036311950790861205
0.037483304042179304
0.0386546572934974
0.03982601054481551
0.0409973637961336
0.042168717047451704
0.04334007029876981
0.0445114235500879
0.045682776801406
0.0464937136677031
0.047304650534000306
0.04811558740029741
0.048926524266594607
0.0497374611328917
0.0505483979991889
0.05135933486548601
0.0521702717317832
0.05298120859808031
0.05379214546437751
0.0546030823306747
0.05541401919697181
0.05622495606326901
