Time
0.038654657293497305
0.0376297231985939
0.0366047891036906
0.035579855008787305
0.0345549209138839
0.0335299868189806
0.03250505272407721
0.0314801186291739
0.030455184534270603
0.0294302504393672
0.028405316344463905
0.027380382249560502
0.0263554481546572
0.0202058435852372
0.0140562390158173
0.01229920913884
0.014934753954305801
0.0175702987697715
0.0202058435852372
0.022841388400702902
0.0254769332161687
0.028112478031634403
0.030748022847100105
0.033383567662565804
0.0360191124780316
0.038654657293497305
0.0395331722319859
0.040411687170474504
0.041290202108963
0.04216871704745161
0.0430472319859402
0.043925746924428806
0.0448042618629174
0.045682776801406
0.046561291739894504
0.04743980667838311
0.048318321616871704
0.0491968365553603
0.05007535149384891
0.0509538664323375
0.051832381370826006
0.0527108963093146
0.05358941124780321
0.0544679261862918
0.0553464411247804
0.05622495606326901
0.0571034710017575
0.0579819859402461
